,bf_id,num_weights,CNR
0,1528225522_0,948480,5.4755400000000005
1,1528225522_1,407160,4.95114
2,1528225522_10,5684640,5.34352
3,1528225522_100,1219400,4.893199999999999
4,1528225522_101,271440,5.02872
5,1528225522_102,948480,5.038679999999999
6,1528225522_103,1761240,4.947699999999999
7,1528225522_104,1219400,5.164
8,1528225522_105,339300,5.05946
9,1528225522_106,4602000,5.25526
10,1528225522_107,3519360,5.362959999999999
11,1528225522_108,3519360,5.09324
12,1528225522_109,6767280,5.18908
13,1528225522_11,3519360,5.00544
14,1528225522_110,1219400,5.11246
15,1528225522_111,407160,5.05824
16,1528225522_112,1490320,5.144699999999999
17,1528225522_113,339300,5.077800000000001
18,1528225522_114,5684640,5.184220000000001
19,1528225522_115,1761240,5.18474
20,1528225522_116,407160,5.345440000000001
21,1528225522_117,271440,4.94296
22,1528225522_118,1219400,5.5256799999999995
23,1528225522_119,948480,5.34032
24,1528225522_12,339300,4.94838
25,1528225522_120,475020,5.0450800000000005
26,1528225522_121,4602000,5.088839999999999
27,1528225522_122,1490320,5.14688
28,1528225522_123,102050,5.184819999999999
29,1528225522_124,475020,4.419580000000001
30,1528225522_125,475020,5.3663799999999995
31,1528225522_126,4602000,5.29232
32,1528225522_127,119080,5.0107
33,1528225522_128,136110,5.140020000000001
34,1528225522_129,271440,5.1521799999999995
35,1528225522_13,85020,5.02682
36,1528225522_130,102050,5.14182
37,1528225522_131,102050,5.0881799999999995
38,1528225522_132,1490320,5.291980000000001
39,1528225522_133,102050,5.282639999999999
40,1528225522_134,136110,5.122300000000001
41,1528225522_135,6767280,5.24844
42,1528225522_136,119080,5.397939999999999
43,1528225522_137,5684640,5.02984
44,1528225522_138,85020,5.24058
45,1528225522_139,136110,5.05636
46,1528225522_14,85020,5.09312
47,1528225522_140,119080,5.041500000000001
48,1528225522_141,136110,5.28552
49,1528225522_142,271440,5.299640000000001
50,1528225522_143,475020,5.31048
51,1528225522_144,3519360,5.11302
52,1528225522_145,85020,5.14344
53,1528225522_146,1761240,5.2917000000000005
54,1528225522_147,407160,5.25364
55,1528225522_148,1490320,5.0724599999999995
56,1528225522_149,475020,5.08538
57,1528225522_15,339300,5.2308
58,1528225522_150,1219400,4.9828600000000005
59,1528225522_151,1219400,5.423579999999999
60,1528225522_152,5684640,5.358479999999999
61,1528225522_153,4602000,5.095599999999999
62,1528225522_154,5684640,5.063460000000001
63,1528225522_155,4602000,5.307840000000001
64,1528225522_156,1761240,5.116380000000001
65,1528225522_157,4602000,5.071859999999999
66,1528225522_158,102050,4.89158
67,1528225522_159,475020,4.9289000000000005
68,1528225522_16,1761240,5.0937600000000005
69,1528225522_160,136110,5.29282
70,1528225522_161,948480,5.13264
71,1528225522_162,85020,5.2732399999999995
72,1528225522_163,85020,5.3753
73,1528225522_164,1490320,4.975620000000001
74,1528225522_165,5684640,5.4119
75,1528225522_166,136110,1.550968
76,1528225522_167,339300,5.2143
77,1528225522_168,3519360,5.20374
78,1528225522_169,1219400,4.87902
79,1528225522_17,475020,5.251119999999999
80,1528225522_170,136110,5.05274
81,1528225522_171,1219400,4.99572
82,1528225522_172,271440,5.42316
83,1528225522_173,102050,5.1164000000000005
84,1528225522_174,475020,5.2201
85,1528225522_175,6767280,5.029059999999999
86,1528225522_176,119080,5.022239999999999
87,1528225522_177,6767280,5.35818
88,1528225522_178,3519360,5.21272
89,1528225522_179,102050,5.109319999999999
90,1528225522_18,5684640,5.051880000000001
91,1528225522_180,271440,5.271199999999999
92,1528225522_181,948480,5.11436
93,1528225522_182,1490320,5.26444
94,1528225522_183,475020,5.11878
95,1528225522_184,3519360,5.039439999999999
96,1528225522_185,1490320,5.28534
97,1528225522_186,1219400,5.0233
98,1528225522_187,1490320,5.13332
99,1528225522_188,6767280,5.22898
100,1528225522_189,948480,5.2538
101,1528225522_19,1761240,5.36498
102,1528225522_190,4602000,5.16596
103,1528225522_191,119080,5.00108
104,1528225522_192,339300,5.1314400000000004
105,1528225522_193,271440,5.25606
106,1528225522_194,119080,-0.29701400000000006
107,1528225522_195,271440,5.3751999999999995
108,1528225522_196,119080,5.12418
109,1528225522_197,1490320,4.978980000000001
110,1528225522_198,4602000,5.2796
111,1528225522_199,271440,5.14766
112,1528225522_2,1490320,5.34044
113,1528225522_20,85020,5.1635800000000005
114,1528225522_200,948480,5.486260000000001
115,1528225522_21,136110,5.16024
116,1528225522_22,339300,5.263820000000001
117,1528225522_23,6767280,4.94534
118,1528225522_24,271440,5.39192
119,1528225522_25,339300,5.3668
120,1528225522_26,948480,5.11428
121,1528225522_27,1490320,5.1163799999999995
122,1528225522_28,102050,5.10134
123,1528225522_29,102050,4.9973399999999994
124,1528225522_3,6767280,4.99568
125,1528225522_30,1761240,5.1501
126,1528225522_31,119080,4.22878
127,1528225522_32,136110,5.139259999999999
128,1528225522_33,102050,5.3059400000000005
129,1528225522_34,5684640,5.03354
130,1528225522_35,948480,5.10248
131,1528225522_36,339300,5.03414
132,1528225522_37,1490320,5.25806
133,1528225522_38,475020,5.4459599999999995
134,1528225522_39,85020,5.28544
135,1528225522_4,1490320,5.2673000000000005
136,1528225522_40,85020,5.0022199999999994
137,1528225522_41,407160,4.943479999999999
138,1528225522_42,475020,5.141959999999999
139,1528225522_43,102050,5.2350200000000005
140,1528225522_44,407160,5.05436
141,1528225522_45,5684640,5.2752
142,1528225522_46,475020,5.2463999999999995
143,1528225522_47,407160,-0.36394199999999993
144,1528225522_48,475020,5.0303
145,1528225522_49,4602000,5.43598
146,1528225522_5,102050,5.207859999999999
147,1528225522_50,1490320,4.90254
148,1528225522_51,119080,5.2623
149,1528225522_52,339300,5.05658
150,1528225522_53,6767280,5.4184
151,1528225522_54,1219400,5.12338
152,1528225522_55,3519360,5.424519999999999
153,1528225522_56,1219400,5.527980000000001
154,1528225522_57,6767280,5.30244
155,1528225522_58,1761240,5.380000000000001
156,1528225522_59,85020,5.2512
157,1528225522_6,6767280,5.23444
158,1528225522_60,948480,5.45964
159,1528225522_61,3519360,5.314
160,1528225522_62,119080,5.186719999999999
161,1528225522_63,475020,5.18784
162,1528225522_64,339300,5.28092
163,1528225522_65,5684640,4.9858199999999995
164,1528225522_66,85020,5.06374
165,1528225522_67,1219400,5.07084
166,1528225522_68,475020,5.18532
167,1528225522_69,136110,5.0617
168,1528225522_7,475020,5.106
169,1528225522_70,948480,5.194660000000001
170,1528225522_71,475020,5.28456
171,1528225522_72,4602000,5.573519999999999
172,1528225522_73,6767280,5.0743
173,1528225522_74,948480,5.2034
174,1528225522_75,339300,5.04266
175,1528225522_76,5684640,4.55578
176,1528225522_77,3519360,5.03236
177,1528225522_78,948480,5.25506
178,1528225522_79,136110,4.90178
179,1528225522_8,1219400,5.26006
180,1528225522_80,1490320,5.132820000000001
181,1528225522_81,1219400,5.46394
182,1528225522_82,1219400,5.175
183,1528225522_83,407160,5.15174
184,1528225522_84,4602000,5.1185
185,1528225522_85,1490320,5.3745199999999995
186,1528225522_86,407160,5.12386
187,1528225522_87,948480,5.208080000000001
188,1528225522_88,6767280,5.0899399999999995
189,1528225522_89,5684640,5.40912
190,1528225522_9,1219400,5.1699600000000006
191,1528225522_90,136110,4.95906
192,1528225522_91,1219400,5.50602
193,1528225522_92,271440,5.01616
194,1528225522_93,1761240,5.03066
195,1528225522_94,1219400,5.11942
196,1528225522_95,271440,5.12524
197,1528225522_96,1761240,5.21092
198,1528225522_97,407160,5.16216
199,1528225522_98,1219400,5.021420000000001
200,1528225522_99,1219400,5.18754
